
Ν=10
 
num_domain = 10, τ= 144
 [-7.74701e-01, -1.04133e-01, -1.89024e+00, -1.73225e-01, -1.25525e+00, -1.65537e-01, 1.98625e-01, 1.69718e-02, -3.03816e-01, 4.54388e-01, -4.78347e-01, -4.14561e-01, 8.25294e-01, -1.07157e+00, -1.02370e+00, -1.21471e+00, 2.33349e-01, 1.04195e+00, -8.73761e-01, -9.19119e-01, 3.63437e-01]

num_domain = 100,  194
 [-6.69537e-01, 9.77990e-02, -1.63780e+00, -1.91834e-01, -1.23457e+00, 1.47315e-01, 3.52091e-02, 3.00578e-01, -5.30237e-01, 5.15128e-01, -2.83675e-01, -3.87454e-01, 8.55392e-01, -1.30535e+00, -1.05577e+00, -1.27750e+00, 4.54114e-01, 8.92389e-01, -1.18308e+00, -8.78838e-01, 5.75217e-01]

num_domain = 500, τ = 451
 [-6.47916e-01, -9.13642e-02, -1.62965e+00, -1.73424e-01, -1.18881e+00, -1.61715e-01, 1.97739e-01, 6.75921e-03, -2.52209e-01, 4.06076e-01, -5.62317e-01, -4.38435e-01, 9.00692e-01, -1.17327e+00, -1.03082e+00, -1.25960e+00, 3.07628e-01, 9.86204e-01, -9.79407e-01, -8.84198e-01, 4.02670e-01]




Ν=25
 
num_domain = 10, τ= 172
 [-7.32068e-01, -1.40901e-01, -1.84975e+00, 1.32515e-01, -1.24382e+00, 1.98156e-01, 2.33455e-01, -2.44556e-02, -2.71721e-01, 4.46862e-01, -3.88068e-01, -4.76784e-01, 9.50805e-01, -8.70966e-01, -1.25878e+00, -1.11962e+00, 6.93178e-03, 1.11360e+00, -6.69935e-01, -1.09822e+00, 2.98304e-01]

num_domain = 25  190.
 [-6.96352e-01, -1.27654e-01, -1.80833e+00, 1.31142e-01, -1.21029e+00, -1.83655e-01, 2.98385e-01, -3.69918e-02, -2.97679e-01, 4.12906e-01, -4.05253e-01, -7.05675e-01, 9.52834e-01, -9.24719e-01, -1.42634e+00, -1.24519e+00, 3.35711e-01, 1.28888e+00, -9.84314e-01, -1.02518e+00, 4.79413e-01]

num_domain = 50 time = 216
 [-6.56446e-01, -1.15741e-01, -1.68626e+00, 1.40287e-01, -1.20942e+00, 1.80229e-01, 2.67502e-01, -3.79157e-02, -2.93690e-01, 3.74470e-01, -4.38702e-01, -8.77833e-01, 1.03037e+00, -1.09277e+00, -1.47168e+00, -1.39620e+00, 6.28445e-01, 1.37284e+00, -1.30000e+00, -9.83870e-01, 6.26804e-01]

num_domain = 100,  308
[-6.36667e-01, 1.12939e-01, -1.59057e+00, -1.61027e-01, -1.21044e+00, -1.75498e-01, 9.92835e-02, 8.40615e-02, -3.82229e-01, 4.73145e-01, -3.58346e-01, -9.14164e-01, 1.16385e+00, -1.25031e+00, -1.40844e+00, -1.46570e+00, 7.80847e-01, 1.28804e+00, -1.53539e+00, -9.70459e-01, 6.81050e-01]

num_domain = 250, τ=  318.7
 [-6.42237e-01, -1.13836e-01, -1.59448e+00, -1.62022e-01, -1.21672e+00, 1.75602e-01, 9.68192e-02, 1.41410e-01, -3.94609e-01, 4.72912e-01, -3.39266e-01, -8.33693e-01, 1.14414e+00, -1.25646e+00, -1.40216e+00, -1.46771e+00, 7.72484e-01, 1.19136e+00, -1.53995e+00, -9.78809e-01, 6.96656e-01]

num_domain = 500, τ = 451
[-6.46177e-01, -1.12010e-01, -1.59867e+00, -1.48647e-01, -1.21053e+00, -1.85432e-01, 2.27866e-01, -1.03232e-01, -2.47084e-01, 3.44843e-01, -4.90730e-01, -9.21255e-01, 1.09350e+00, -1.20891e+00, -1.37586e+00, -1.43687e+00, 6.16723e-01, 1.43638e+00, -1.22528e+00, -9.82830e-01, 6.06539e-01]

num_domain = 1000
 [-6.87130e-01, -1.06584e-01, -1.77187e+00, -1.36524e-01, -1.22375e+00, -1.48713e-01, -4.05976e-02, -9.01039e-01, -1.45028e-01, 1.12247e+00, -8.59728e-01, -1.79590e+00, 2.00687e+00, -1.96750e+00, -1.72728e+00, -8.27036e-01, -1.81688e-01, 1.87922e+00, -1.03636e+00, -1.01249e+00, -2.59754e-01]



Ν=50

num_domain = 25  time = 213.
30000 [-7.16163e-01, 1.57464e-01, -1.76693e+00, -1.33301e-01, -1.25026e+00, -2.26219e-01, 2.53441e-01, 1.33823e-01, -2.40699e-01, 3.44765e-01, -3.57172e-01, -1.14184e-01, 8.25012e-01, -8.48921e-01, -8.92114e-01, -7.62616e-01, 5.16421e-02, 8.26478e-01, -5.21910e-01, -1.13987e+00, 2.35664e-01]

num_domain = 50 time =  157
 [-6.92866e-01, -1.54993e-01, -1.71945e+00, -1.42294e-01, -1.23321e+00, -2.17146e-01, 1.97588e-01, 2.85595e-01, -3.22901e-01, 3.96073e-01, -2.61756e-01, -6.47423e-02, 7.96783e-01, -9.39474e-01, -8.80214e-01, -7.96314e-01, 1.45935e-01, 7.74634e-01, -6.17903e-01, -1.15642e+00, 3.30584e-01]

num_domain = 75, τtime = 163 
 [-6.79205e-01, -1.52425e-01, -1.69529e+00, -1.39433e-01, -1.22744e+00, 2.15219e-01, 1.94407e-01, 2.44031e-01, -2.87135e-01, 4.16251e-01, -3.06756e-01, -1.36038e-01, 8.26624e-01, -1.00373e+00, -9.12584e-01, -9.12301e-01, 7.42733e-02, 8.12644e-01, -6.45662e-01, -1.17075e+00, 2.91540e-01]

num_domain = 100, time =  170  
 [-6.64613e-01, -1.50464e-01, -1.66612e+00, -1.38784e-01, -1.22748e+00, 2.19535e-01, 2.24221e-01, 1.93683e-01, -2.63971e-01, 3.70749e-01, -3.28002e-01, -9.35110e-02, 8.09535e-01, -9.83725e-01, -8.98905e-01, -8.56868e-01, 3.12663e-04, 8.04834e-01, -6.04270e-01, -1.16901e+00, 2.80784e-01]

num_domain = 125, time = 319 
 [-6.60169e-01, -1.44547e-01, -1.64012e+00, -1.39243e-01, -1.22035e+00, 2.11909e-01, 2.16671e-01, 7.79929e-02, -2.55462e-01, 3.72240e-01, -3.59935e-01, -2.73358e-01, 8.67725e-01, -1.06271e+00, -1.02845e+00, -1.09318e+00, -1.47610e-02, 9.93446e-01, -6.71864e-01, -1.16302e+00, 3.29317e-01]

num_domain = 150, time =  205 
 [-6.62462e-01, -1.51243e-01, -1.66028e+00, -1.40228e-01, -1.22134e+00, 2.19245e-01, 2.32218e-01, 2.40557e-01, -2.68515e-01, 3.56717e-01, -3.19199e-01, -1.09797e-01, 7.87966e-01, -9.84811e-01, -9.04581e-01, -8.73469e-01, 4.97798e-02, 7.79912e-01, -5.75460e-01, -1.17819e+00, 2.80230e-01]

num_domain = 200, time =   270
 [-6.56767e-01, -1.43176e-01, -1.63907e+00, -1.33483e-01, -1.21949e+00, 2.13092e-01, 2.61955e-01, 5.63142e-02, -2.24688e-01, 3.27535e-01, -4.01975e-01, -3.13347e-01, 8.73509e-01, -1.02408e+00, -1.08994e+00, -1.13715e+00, -3.20028e-02, 9.97714e-01, -6.21190e-01, -1.15181e+00, 3.20684e-01]

num_domain = 300, time =   351
 [-6.57750e-01, -1.39885e-01, -1.63515e+00, -1.32494e-01, -1.21786e+00, 2.13322e-01, 2.65238e-01, 2.89548e-02, -2.11799e-01, 3.27074e-01, -4.23920e-01, -3.69001e-01, 9.15394e-01, -1.06650e+00, -1.12429e+00, -1.14851e+00, 4.45817e-02, 1.02878e+00, -6.99894e-01, -1.13642e+00, 3.68968e-01]



Ν=75

num_domain = 25 time =  195
 [-7.06430e-01, -1.68993e-01, -1.73137e+00, -1.47100e-01, -1.24774e+00, 2.23729e-01, 1.32914e-01, 4.40182e-01, -3.85033e-01, 4.49726e-01, -1.60017e-01, 6.21731e-02, 8.37532e-01, -8.19279e-01, -7.61792e-01, -6.65397e-01, 2.20075e-01, 6.95646e-01, -6.57647e-01, -1.13890e+00, 3.70579e-01]

num_domain = 50 time =   217.
 [-6.82569e-01, -1.62056e-01, -1.70815e+00, -1.19571e-01, -1.24072e+00, -2.32308e-01, 2.97847e-01, 1.53176e-01, -2.49748e-01, 3.11100e-01, -3.14620e-01, -1.07343e-01, 8.51817e-01, -8.12302e-01, -9.71912e-01, -7.30294e-01, 1.41676e-01, 8.39237e-01, -5.66037e-01, -1.15651e+00, 3.35402e-01]

num_domain = 75,  time = 244
[-6.71355e-01, -1.62964e-01, -1.68412e+00, -1.42199e-01, -1.23645e+00, 2.24565e-01, 1.44159e-01, 4.30506e-01, -3.44482e-01, 4.64328e-01, -2.04731e-01, 2.22433e-02, 8.34048e-01, -9.00915e-01, -8.02713e-01, -7.18564e-01, 2.03312e-01, 6.76380e-01, -6.77135e-01, -1.17518e+00, 3.42288e-01]

num_domain = 100,  time =   257
 [-6.63504e-01, -1.57248e-01, -1.66741e+00, -1.27600e-01, -1.22780e+00, 2.30929e-01, 2.34961e-01, 2.21891e-01, -2.40875e-01, 3.82573e-01, -3.28178e-01, -1.17544e-01, 8.64355e-01, -9.25927e-01, -9.36002e-01, -8.56164e-01, 3.19501e-02, 7.90592e-01, -6.16866e-01, -1.19772e+00, 2.82357e-01]

num_domain = 125, time = 276
 [-6.52254e-01, -1.58430e-01, -1.63978e+00, -1.31670e-01, -1.22418e+00, -2.25759e-01, 2.51791e-01, 2.51265e-01, -2.77286e-01, 3.37749e-01, -2.88834e-01, -1.62726e-01, 8.23125e-01, -9.26581e-01, -9.98744e-01, -8.97277e-01, 9.83398e-02, 8.01734e-01, -5.79429e-01, -1.21326e+00, 3.27809e-01]

num_domain = 150, time =   289
 [-6.58758e-01, -1.55203e-01, -1.65400e+00, -1.25597e-01, -1.22988e+00, -2.22531e-01, 2.69466e-01, 2.08780e-01, -2.67336e-01, 3.31150e-01, -3.11506e-01, -2.19111e-01, 8.62496e-01, -9.51461e-01, -1.07284e+00, -9.76307e-01, 6.37616e-02, 8.59314e-01, -6.45987e-01, -1.20490e+00, 3.56123e-01]

num_domain = 200, time =  349 
  [-6.59033e-01, -1.58912e-01, -1.64928e+00, -1.32486e-01, -1.22630e+00, 2.22530e-01, 2.08613e-01, 2.46093e-01, -2.89839e-01, 4.03242e-01, -2.75157e-01, -1.23286e-01, 8.38712e-01, -9.84915e-01, -9.49367e-01, -9.20338e-01, -5.60983e-03, 8.26505e-01, -6.19264e-01, -1.22316e+00, 2.82952e-01]

num_domain = 300,time =   412
 [-6.54592e-01, -1.59742e-01, -1.64145e+00, -1.66305e-01, -1.22699e+00, 1.92906e-01, 2.42076e-02, 8.16889e-01, -5.24295e-01, 5.33675e-01, -2.19061e-02, 1.63998e-01, 7.50188e-01, -1.00924e+00, -5.27105e-01, -7.32970e-01, 8.53126e-02, 6.12850e-01, -6.30793e-01, -1.09437e+00, 1.79320e-01]


Ν=100

num_domain = 25 time = 221 
 [-7.02587e-01, 1.67492e-01, -1.72434e+00, -1.31403e-01, -1.25941e+00, 2.41298e-01, 2.68633e-01, 9.45978e-02, -2.24946e-01, 2.81049e-01, -3.40265e-01, 6.20282e-03, 8.64696e-01, -6.87305e-01, -7.95689e-01, -5.52192e-01, 9.71481e-02, 8.40983e-01, -4.47741e-01, -1.07450e+00, 2.66978e-01]

num_domain = 50 time =   250
 [-6.87291e-01, -1.67359e-01, -1.69643e+00, -1.28536e-01, -1.24182e+00, 2.36677e-01, 2.35845e-01, 2.23621e-01, -2.72120e-01, 3.59325e-01, -2.72787e-01, -2.21159e-02, 8.66804e-01, -7.94216e-01, -8.67901e-01, -6.71004e-01, 1.73517e-01, 7.85353e-01, -6.23603e-01, -1.16047e+00, 3.64562e-01]

num_domain = 75,  time = 273
 [-6.71718e-01, -1.63766e-01, -1.68126e+00, -1.20921e-01, -1.23775e+00, -2.32693e-01, 2.51665e-01, 2.37627e-01, -2.57070e-01, 3.66397e-01, -3.02522e-01, -7.91265e-02, 8.78871e-01, -8.58716e-01, -9.41429e-01, -7.64172e-01, 1.19993e-01, 7.93152e-01, -6.35030e-01, -1.18341e+00, 3.34758e-01]

num_domain = 100,  time =317   
 [-6.50167e-01, -1.63134e-01, -1.63633e+00, -1.28222e-01, -1.23048e+00, -2.35528e-01, 2.43505e-01, 2.30165e-01, -2.69594e-01, 3.47406e-01, -2.81966e-01, -6.07891e-02, 8.37835e-01, -8.96661e-01, -9.07690e-01, -7.68246e-01, 5.08643e-02, 7.84628e-01, -6.18247e-01, -1.21814e+00, 3.35406e-01]

num_domain = 125, time =  346
[-6.60529e-01, -1.63983e-01, -1.64753e+00, -1.33117e-01, -1.22815e+00, -2.31054e-01, 1.93959e-01, 3.75629e-01, -2.94191e-01, 4.24392e-01, -2.45555e-01, -3.97656e-02, 8.36611e-01, -9.41000e-01, -8.90812e-01, -8.37731e-01, 7.95973e-02, 7.16172e-01, -6.29116e-01, -1.24282e+00, 2.98352e-01]

num_domain = 150, time =  440 
 [-6.58303e-01, -1.63351e-01, -1.65014e+00, -1.24340e-01, -1.23155e+00, -2.36644e-01, 2.33432e-01, 2.34838e-01, -2.51874e-01, 3.82133e-01, -2.99386e-01, -5.39974e-02, 8.68643e-01, -9.07321e-01, -9.12307e-01, -7.74962e-01, 6.18555e-02, 7.73782e-01, -6.53358e-01, -1.20892e+00, 3.25995e-01]

num_domain = 200, time =  297  
 [-6.53463e-01, -1.62079e-01, -1.64049e+00, -1.26188e-01, -1.22413e+00, 2.34089e-01, 2.23634e-01, 3.23985e-01, -2.62156e-01, 3.91038e-01, -2.89432e-01, -4.86914e-02, 8.57637e-01, -9.36621e-01, -9.00512e-01, -8.26216e-01, 3.39425e-02, 7.26165e-01, -6.45178e-01, -1.22771e+00, 2.99082e-01]

num_domain = 300,time =   342. 
 [-6.61962e-01, -1.77483e-01, -1.65624e+00, -1.51765e-01, -1.23034e+00, 2.21622e-01, 1.06511e-01, 8.82887e-01, -4.66259e-01, 4.83099e-01, -1.72821e-02, 1.56667e-01, 7.42402e-01, -8.87733e-01, -7.07727e-01, -7.15827e-01, 1.76404e-01, 5.23322e-01, -5.81543e-01, -1.28253e+00, 2.94657e-01]

num_domain = 400,time =   496 
 [-6.59957e-01, -1.64984e-01, -1.65120e+00, -1.45226e-01, -1.22801e+00, -1.90648e-01, 5.90608e-02, 1.01779e+00, -5.39397e-01, 5.81635e-01, 2.01149e-02, 2.02615e-01, 8.17959e-01, -1.00198e+00, -5.69827e-01, -7.52586e-01, 7.16737e-02, 5.64552e-01, -6.39078e-01, -1.14168e+00, 5.10829e-02]





Ν=125

num_domain = 25 time =  186
 [-6.96517e-01, -1.73108e-01, -1.71864e+00, -1.28799e-01, -1.25631e+00, 2.45889e-01, 2.12316e-01, 2.47195e-01, -2.89589e-01, 3.74524e-01, -2.50526e-01, 5.42120e-02, 8.72061e-01, -7.60451e-01, -7.78430e-01, -6.07458e-01, 1.43745e-01, 7.77520e-01, -6.27616e-01, -1.13867e+00, 3.43670e-01]

num_domain = 50 time = 216.580626  
 [-6.84244e-01, 1.70913e-01, -1.68690e+00, -1.49953e-01, -1.24826e+00, -2.29959e-01, 1.29451e-01, 5.67966e-01, -3.87044e-01, 4.30923e-01, -1.37273e-01, 1.29391e-01, 8.63512e-01, -7.50595e-01, -6.56309e-01, -5.76964e-01, 3.14546e-01, 6.41214e-01, -6.75596e-01, -1.05623e+00, 4.28220e-01]

num_domain = 75,  time =  261
 [-6.68119e-01, -1.66590e-01, -1.66714e+00, -1.14499e-01, -1.24061e+00, 2.45749e-01, 3.17238e-01, 1.26950e-01, -2.18579e-01, 2.66303e-01, -3.30590e-01, -5.77106e-02, 8.65516e-01, -7.90616e-01, -9.43411e-01, -6.70109e-01, 9.55575e-02, 8.21867e-01, -5.56638e-01, -1.17968e+00, 3.52169e-01]

num_domain = 100,  time =  298. 
 [-6.52913e-01, -1.70209e-01, -1.65036e+00, -1.28681e-01, -1.23720e+00, 2.35739e-01, 2.08126e-01, 4.35262e-01, -3.28047e-01, 3.96099e-01, -1.99154e-01, 4.76844e-02, 8.38763e-01, -8.41507e-01, -8.34809e-01, -7.04734e-01, 1.88727e-01, 6.91116e-01, -6.24028e-01, -1.18637e+00, 3.46760e-01]

num_domain = 125, time =  352
 [-6.52059e-01, -1.69016e-01, -1.64167e+00, -1.40578e-01, -1.23464e+00, -2.25875e-01, 1.39233e-01, 5.67777e-01, -3.82387e-01, 4.62885e-01, -1.37788e-01, 4.53255e-02, 8.18897e-01, -9.09192e-01, -7.67719e-01, -7.45349e-01, 2.39233e-01, 6.72106e-01, -6.67321e-01, -1.19625e+00, 3.46190e-01]

num_domain = 150, time = 424
 [-6.55835e-01, -1.73765e-01, -1.64965e+00, -1.55633e-01, -1.23823e+00, -2.17482e-01, 9.69047e-02, 8.21444e-01, -4.67306e-01, 4.66841e-01, -3.48621e-02, 2.11446e-01, 7.67907e-01, -8.40885e-01, -5.44936e-01, -6.27177e-01, 1.79049e-01, 5.87099e-01, -5.95303e-01, -1.06727e+00, 2.82640e-01]

num_domain = 200, time = 436   
 [-6.61809e-01, -1.74274e-01, -1.65559e+00, -1.56894e-01, -1.23104e+00, 2.08158e-01, 5.71544e-02, 9.95852e-01, -5.22654e-01, 5.25965e-01, 3.21129e-02, 2.03929e-01, 7.92933e-01, -8.43653e-01, -5.21980e-01, -6.24852e-01, 2.19044e-01, 5.39870e-01, -6.41735e-01, -1.07101e+00, 2.51307e-01]

num_domain = 300,time =    433
 [-6.61809e-01, -1.74274e-01, -1.65559e+00, -1.56894e-01, -1.23104e+00, 2.08158e-01, 5.71544e-02, 9.95852e-01, -5.22654e-01, 5.25965e-01, 3.21129e-02, 2.03929e-01, 7.92933e-01, -8.43653e-01, -5.21980e-01, -6.24852e-01, 2.19044e-01, 5.39870e-01, -6.41735e-01, -1.07101e+00, 2.51307e-01]

num_domain = 400,time =  551   
 [-6.64540e-01, -1.80909e-01, -1.65449e+00, -1.55671e-01, -1.23081e+00, -2.07348e-01, 4.90632e-02, 1.35408e+00, -5.53549e-01, 5.46264e-01, 9.88802e-02, 1.84241e-01, 7.71878e-01, -8.30904e-01, -5.39356e-01, -6.35602e-01, 2.70705e-01, 4.30797e-01, -6.02398e-01, -1.17407e+00, 2.21030e-01]




Ν=150

num_domain = 25 time =  189
 [-6.92860e-01, -1.76870e-01, -1.70163e+00, -1.15040e-01, -1.25849e+00, 2.48567e-01, 2.78087e-01, 1.73621e-01, -2.52517e-01, 3.05513e-01, -2.78015e-01, -1.77654e-02, 8.94521e-01, -6.85848e-01, -8.76259e-01, -6.09806e-01, 1.78850e-01, 8.15376e-01, -5.63111e-01, -1.15102e+00, 3.65680e-01]

num_domain = 50 time =   211
  [-6.78340e-01, -1.70276e-01, -1.67582e+00, 1.14182e-01, -1.24178e+00, -2.51207e-01, 3.33991e-01, 1.29362e-01, -2.37198e-01, 2.32039e-01, -3.00430e-01, -6.27431e-02, 8.68587e-01, -7.23747e-01, -9.60057e-01, -6.15983e-01, 2.17993e-01, 8.20110e-01, -5.75019e-01, -1.17451e+00, 4.39294e-01]

num_domain = 75,  time =  301
 [-6.66485e-01, -1.73555e-01, -1.65917e+00, -1.24223e-01, -1.24364e+00, 2.50132e-01, 2.81551e-01, 3.17688e-01, -2.80391e-01, 2.88217e-01, -2.42241e-01, 3.08879e-02, 8.38299e-01, -7.39474e-01, -8.80925e-01, -6.22496e-01, 2.42185e-01, 7.10043e-01, -5.82371e-01, -1.18545e+00, 4.15111e-01]

num_domain = 100,  time = 336  
  [-6.57555e-01, -1.73595e-01, -1.64261e+00, -1.55016e-01, -1.24345e+00, 2.19331e-01, 8.06779e-02, 8.14196e-01, -4.64275e-01, 4.77071e-01, -3.67104e-02, 1.88981e-01, 8.13419e-01, -8.07774e-01, -5.47074e-01, -6.16236e-01, 2.10943e-01, 5.98695e-01, -6.16244e-01, -1.06164e+00, 2.88866e-01]

num_domain = 125, time =  368
  [-6.56556e-01, -1.78585e-01, -1.63789e+00, -1.57788e-01, -1.24057e+00, -2.20308e-01, 9.10148e-02, 9.85774e-01, -4.97660e-01, 4.58320e-01, 2.45120e-02, 2.25273e-01, 7.79838e-01, -7.72873e-01, -5.29490e-01, -5.95745e-01, 2.28236e-01, 5.29328e-01, -5.75485e-01, -1.07807e+00, 2.94858e-01]

num_domain = 150, time = 401
 [-6.61618e-01, -1.73368e-01, -1.64744e+00, -1.50003e-01, -1.24574e+00, 2.28914e-01, 1.49768e-01, 6.02299e-01, -3.87298e-01, 3.93194e-01, -1.28909e-01, 1.75348e-01, 8.05363e-01, -7.62250e-01, -6.02592e-01, -5.87136e-01, 1.79938e-01, 6.52304e-01, -5.36413e-01, -1.04146e+00, 2.92849e-01]

num_domain = 200, time =475    
  [-6.53060e-01, -1.75698e-01, -1.62544e+00, -1.52924e-01, -1.23445e+00, 2.06257e-01, 8.53833e-02, 1.25518e+00, -5.22156e-01, 4.70608e-01, 3.60953e-02, 1.99430e-01, 8.01640e-01, -8.11955e-01, -4.05312e-01, -6.19482e-01, 2.45101e-01, 4.77641e-01, -6.17050e-01, -9.34956e-01, 1.79587e-01]

num_domain = 300,time =   613 
  [-6.66879e-01, -1.78856e-01, -1.66590e+00, -1.54593e-01, -1.23703e+00, 2.04892e-01, 4.46372e-02, 9.76408e-01, -5.18151e-01, 5.48269e-01, 4.43749e-02, 1.60367e-01, 8.12076e-01, -8.01563e-01, -5.27846e-01, -6.86663e-01, 1.22261e-01, 5.92323e-01, -5.45001e-01, -1.13274e+00, 1.11363e-01]

num_domain = 400,time =   730   
  [-6.55783e-01, -1.78214e-01, -1.65308e+00, -1.55055e-01, -1.23270e+00, -2.06753e-01, 4.02736e-02, 1.01886e+00, -5.07497e-01, 5.58882e-01, 3.28441e-02, 1.92122e-01, 8.10920e-01, -8.03260e-01, -4.85828e-01, -6.27314e-01, 1.52070e-01, 5.47334e-01, -5.64994e-01, -1.09072e+00, 1.06440e-01]




Ν=200

num_domain = 25 time =  293
 [-6.95302e-01, 1.75413e-01, -1.69628e+00, -1.07052e-01, -1.26305e+00, 2.56627e-01, 3.63888e-01, -2.37580e-02, -1.76704e-01, 1.81537e-01, -3.70152e-01, -7.60823e-02, 8.95990e-01, -6.36278e-01, -9.08760e-01, -5.78160e-01, 2.16930e-02, 9.13998e-01, -4.16290e-01, -1.13704e+00, 2.73789e-01]

num_domain = 50 time = 293.  
  [-6.78345e-01, -1.74489e-01, -1.66619e+00, -1.03838e-01, -1.24549e+00, 2.55305e-01, 3.77858e-01, 7.50235e-02, -2.01542e-01, 1.75745e-01, -3.30940e-01, -9.16297e-02, 8.85633e-01, -6.86108e-01, -9.91032e-01, -6.35605e-01, 1.03398e-01, 8.50837e-01, -5.15762e-01, -1.18572e+00, 3.91675e-01]

num_domain = 75,  time = 396  
  [-6.74680e-01, -1.73822e-01, -1.65525e+00, -1.10728e-01, -1.24352e+00, -2.55338e-01, 3.25722e-01, 1.88423e-01, -2.22246e-01, 2.38276e-01, -3.07793e-01, 3.91764e-03, 8.61347e-01, -7.78304e-01, -8.91778e-01, -6.44825e-01, 6.27296e-02, 7.73865e-01, -6.02135e-01, -1.19039e+00, 3.90455e-01]

num_domain = 100,  time =   435
  [-6.66733e-01, -1.76851e-01, -1.65286e+00, -1.52530e-01, -1.24567e+00, 2.26762e-01, 1.26549e-01, 7.88527e-01, -4.45099e-01, 4.19142e-01, -5.16744e-02, 2.11302e-01, 8.31034e-01, -7.21258e-01, -5.47273e-01, -5.69167e-01, 2.61645e-01, 6.09102e-01, -5.95633e-01, -9.94721e-01, 3.62457e-01]

num_domain = 125, time =  481
  [-6.52033e-01, -1.76704e-01, -1.63004e+00, -1.55420e-01, -1.24493e+00, 2.17693e-01, 1.06993e-01, 9.75149e-01, -4.96284e-01, 4.39096e-01, 1.57598e-02, 1.88253e-01, 8.13037e-01, -7.52808e-01, -5.26036e-01, -5.94951e-01, 3.19155e-01, 5.80202e-01, -5.97702e-01, -9.77752e-01, 3.64073e-01]

num_domain = 150, time =  559
 [-6.61289e-01, -1.61590e-01, -1.63489e+00, -9.19249e-02, -1.24515e+00, -1.99620e-01, 2.39423e-01, 1.07654e+00, -5.21707e-01, 4.76309e-01, -2.45568e-02, 9.48806e-02, 9.43130e-01, -1.58984e+00, -1.05432e+00, -1.05819e+00, 1.89807e-01, 6.19170e-01, -6.35497e-01, -1.19290e+00, 1.05182e-01]

num_domain = 200, time =  586  
 [-6.52845e-01, -1.75393e-01, -1.63276e+00, -1.55277e-01, -1.24090e+00, 2.11366e-01, 8.02076e-02, 9.94496e-01, -5.07406e-01, 4.78914e-01, 2.14083e-02, 2.11568e-01, 8.22685e-01, -7.83686e-01, -4.44729e-01, -5.94925e-01, 2.42230e-01, 5.81283e-01, -6.35168e-01, -9.55364e-01, 2.61000e-01]

num_domain = 300,time =  761.  
  [-6.52251e-01, -1.80128e-01, -1.63016e+00, -1.51937e-01, -1.24208e+00, -2.21195e-01, 9.06625e-02, 1.01075e+00, -5.05004e-01, 4.77718e-01, 3.79170e-02, 1.89663e-01, 8.08782e-01, -7.80009e-01, -5.73828e-01, -6.18304e-01, 2.70874e-01, 5.49739e-01, -6.15997e-01, -1.08981e+00, 3.31805e-01]

num_domain = 400,time =   920  
  [-6.53183e-01, -1.58836e-01, -1.62968e+00, -1.05551e-01, -1.24039e+00, 1.95752e-01, 1.98458e-01, 1.17343e+00, -5.59662e-01, 5.10225e-01, 1.28716e-02, 1.64622e-01, 9.63611e-01, -1.22312e+00, -8.67955e-01, -9.46712e-01, 1.74568e-01, 5.88206e-01, -6.11200e-01, -1.11318e+00, 2.69363e-02]







Ν=300

num_domain = 25 time =  405
 [-6.89369e-01, 1.85567e-01, -1.66857e+00, -9.30125e-02, -1.25671e+00, -2.65520e-01, 4.27858e-01, -6.25509e-02, -1.73737e-01, 7.23459e-02, -3.52108e-01, -8.15239e-02, 8.65123e-01, -6.14441e-01, -9.53893e-01, -5.17664e-01, 6.53781e-02, 9.07824e-01, -3.26464e-01, -1.15223e+00, 2.84385e-01]

num_domain = 50 time = 495   
  [-6.73004e-01, -1.75593e-01, -1.64581e+00, -1.04470e-01, -1.24606e+00, -2.64810e-01, 4.15473e-01, 8.94296e-02, -1.97318e-01, 9.99360e-02, -3.27602e-01, 1.91307e-03, 8.62005e-01, -6.60596e-01, -9.24015e-01, -5.44811e-01, 1.35632e-01, 8.14330e-01, -5.12373e-01, -1.14871e+00, 4.56424e-01]

num_domain = 75,  time =  534
  [-6.77079e-01, -1.86964e-01, -1.66658e+00, -1.49758e-01, -1.25514e+00, -2.21659e-01, 1.63194e-01, 9.92494e-01, -4.86406e-01, 3.70142e-01, 2.41345e-02, 2.71526e-01, 8.06969e-01, -6.40878e-01, -4.42210e-01, -5.22303e-01, 2.39826e-01, 5.84831e-01, -5.28018e-01, -8.82461e-01, 3.23394e-01]

num_domain = 100,  time = 566  
  [-6.64010e-01, -1.73129e-01, -1.62187e+00, -9.34851e-02, -1.24539e+00, 2.58470e-01, 4.63930e-01, -9.17796e-04, -1.67350e-01, 3.06607e-02, -3.73536e-01, -1.48446e-01, 8.42044e-01, -8.21643e-01, -1.06178e+00, -6.95930e-01, -3.83541e-02, 8.96832e-01, -4.86468e-01, -1.21471e+00, 3.94294e-01]

num_domain = 125, time =   599
  [-6.49363e-01, -1.82163e-01, -1.61929e+00, -1.51916e-01, -1.24874e+00, -2.27499e-01, 1.71551e-01, 8.58309e-01, -4.77532e-01, 3.56316e-01, 1.04494e-02, 1.76441e-01, 8.01989e-01, -6.86483e-01, -6.63813e-01, -5.94959e-01, 3.19143e-01, 6.13188e-01, -5.53076e-01, -1.06836e+00, 4.67842e-01]

num_domain = 150, time =636. 
 [-6.50988e-01, -1.65743e-01, -1.61682e+00, -8.98875e-02, -1.24967e+00, 2.04007e-01, 2.59831e-01, 1.15410e+00, -5.45188e-01, 4.29504e-01, 2.07051e-02, 1.45883e-01, 9.13657e-01, -1.53891e+00, -9.05124e-01, -9.76540e-01, 2.00064e-01, 6.14342e-01, -7.11440e-01, -1.16141e+00, 1.69613e-01]

num_domain = 200, time =   786  
  [-6.41947e-01, -1.55235e-01, -1.60055e+00, -8.70529e-02, -1.24394e+00, -2.09153e-01, 2.93879e-01, 7.47427e-01, -4.64192e-01, 3.59099e-01, -1.07452e-01, 5.83057e-02, 9.98123e-01, -1.61255e+00, -1.08693e+00, -1.05608e+00, 8.88313e-02, 7.30134e-01, -7.11861e-01, -1.14358e+00, 2.47522e-01]

num_domain = 300,time =    1032 
  [-6.60238e-01, -1.66923e-01, -1.63004e+00, -8.65753e-02, -1.25317e+00, -1.97756e-01, 2.75533e-01, 1.32926e+00, -5.66267e-01, 4.15057e-01, 5.10249e-02, 2.00121e-01, 9.06084e-01, -1.51922e+00, -8.61205e-01, -9.59538e-01, 1.71730e-01, 5.90198e-01, -5.61931e-01, -1.10952e+00, -3.98172e-02]

num_domain = 400,time =  1371.    
  [-6.55739e-01, -1.72017e-01, -1.63121e+00, -8.40903e-02, -1.24629e+00, 1.88936e-01, 2.80653e-01, 1.44047e+00, -5.59390e-01, 4.38410e-01, 7.28475e-02, 2.65777e-01, 8.93740e-01, -1.31899e+00, -8.86343e-01, -8.22790e-01, 1.15407e-01, 5.67308e-01, -4.96622e-01, -1.10384e+00, -2.84428e-01]









 


